,mass A,,
t,x,y,
0.000000E0,1.235643E3,-7.171023E2
1.676118E-2,1.199471E3,-6.923710E2
3.352237E-2,1.199503E3,-6.922667E2
5.028355E-2,1.183921E3,-6.812947E2
6.704474E-2,1.170619E3,-6.695081E2
8.380592E-2,1.170680E3,-6.694764E2
1.005671E-1,1.158549E3,-6.576653E2
1.173283E-1,1.148570E3,-6.475415E2
1.340895E-1,1.132812E3,-6.282152E2
1.508507E-1,1.126802E3,-6.204187E2
1.676118E-1,1.126805E3,-6.203988E2
1.843730E-1,1.121762E3,-6.136166E2
2.011342E-1,1.118823E3,-6.100798E2
2.178954E-1,1.118817E3,-6.102011E2
2.346566E-1,1.116770E3,-6.072342E2
2.514178E-1,1.116776E3,-6.072777E2
2.681790E-1,1.115023E3,-6.031873E2
2.849401E-1,1.114860E3,-6.033477E2
3.017013E-1,1.114844E3,-6.033472E2
3.184625E-1,1.115902E3,-6.052514E2
3.352237E-1,1.117878E3,-6.082668E2
3.519849E-1,1.117879E3,-6.082780E2
3.687461E-1,1.121074E3,-6.128708E2
3.855072E-1,1.125834E3,-6.199458E2
4.022684E-1,1.125840E3,-6.200485E2
4.190296E-1,1.131802E3,-6.281953E2
4.357908E-1,1.138137E3,-6.349063E2
4.525520E-1,1.138068E3,-6.350080E2
4.693132E-1,1.146108E3,-6.440046E2
4.860744E-1,1.156149E3,-6.551199E2
5.028355E-1,1.156089E3,-6.551544E2
5.195967E-1,1.167913E3,-6.671451E2
5.363579E-1,1.167915E3,-6.671693E2
5.531191E-1,1.180753E3,-6.794497E2
5.698803E-1,1.196914E3,-6.932424E2
5.866415E-1,1.196918E3,-6.932524E2
6.034026E-1,1.213622E3,-7.055023E2
6.201638E-1,1.238949E3,-7.251932E2
6.369250E-1,1.238928E3,-7.252131E2
6.536862E-1,1.262728E3,-7.405553E2
6.704474E-1,1.285892E3,-7.513612E2
6.872086E-1,1.285898E3,-7.513487E2
7.039698E-1,1.312697E3,-7.635822E2
7.207309E-1,1.326365E3,-7.600439E2
7.374921E-1,1.337678E3,-7.695792E2
7.542533E-1,1.367613E3,-7.787109E2
7.710145E-1,1.397721E3,-7.845609E2
7.877757E-1,1.397764E3,-7.844937E2
8.045369E-1,1.428946E3,-7.882008E2
8.212980E-1,1.434574E3,-7.807603E2
8.380592E-1,1.434574E3,-7.807603E2
8.548204E-1,1.464649E3,-7.827897E2
8.715816E-1,1.468741E3,-8.072603E2
8.883428E-1,1.468574E3,-8.070103E2
9.051040E-1,1.496324E3,-8.029746E2
9.218652E-1,1.534907E3,-7.749584E2
9.386263E-1,1.552574E3,-7.989270E2
9.553875E-1,,
9.721487E-1,1.589740E3,-7.369954E2
9.889099E-1,1.589740E3,-7.369954E2
1.005671E0,1.611802E3,-7.261285E2
1.022432E0,1.629527E3,-7.210809E2
1.039193E0,1.629527E3,-7.210809E2
1.055955E0,1.649853E3,-7.074584E2
1.072716E0,1.665382E3,-6.968598E2
1.089477E0,1.665435E3,-6.969261E2
1.106238E0,1.681851E3,-6.834823E2
1.122999E0,1.695566E3,-6.710470E2
1.139761E0,1.695574E3,-6.710650E2
1.156522E0,1.707687E3,-6.592246E2
1.173283E0,1.717464E3,-6.488438E2
1.190044E0,1.717494E3,-6.489150E2
1.206805E0,1.725620E3,-6.398657E2
1.223566E0,1.733661E3,-6.304363E2
1.240328E0,1.733648E3,-6.303295E2
1.257089E0,1.739688E3,-6.223802E2
1.273850E0,1.743645E3,-6.170124E2
1.290611E0,1.743638E3,-6.170512E2
1.307372E0,1.747551E3,-6.108035E2
1.324134E0,1.749679E3,-6.085067E2
1.340895E0,1.749671E3,-6.083855E2
1.357656E0,1.751665E3,-6.044960E2
1.374417E0,1.751658E3,-6.043872E2
1.391178E0,1.751654E3,-6.043302E2
1.407940E0,1.749675E3,-6.082723E2
1.424701E0,1.747560E3,-6.107190E2
1.441462E0,1.747575E3,-6.108866E2
1.458223E0,1.743670E3,-6.172763E2
1.474984E0,1.739434E3,-6.226391E2
1.491745E0,1.739479E3,-6.227734E2
1.508507E0,1.733496E3,-6.308402E2
1.525268E0,1.725521E3,-6.408662E2
1.542029E0,1.725544E3,-6.409293E2
1.558790E0,1.715623E3,-6.539966E2
1.575551E0,1.705586E3,-6.639821E2
1.592313E0,1.705597E3,-6.639969E2
1.609074E0,1.693711E3,-6.754974E2
1.625835E0,1.679499E3,-6.876604E2
1.642596E0,1.679527E3,-6.877998E2
1.659357E0,1.663490E3,-7.009322E2
1.676118E0,1.647497E3,-7.109860E2
1.692880E0,1.647513E3,-7.110057E2
1.709641E0,1.625509E3,-7.269224E2
1.726402E0,1.603705E3,-7.392808E2
1.743163E0,1.603666E3,-7.392274E2
1.759924E0,1.579473E3,-7.508650E2
1.776686E0,1.553727E3,-7.612952E2
1.793447E0,1.553689E3,-7.612428E2
1.810208E0,1.525622E3,-7.711797E2
1.826969E0,1.497694E3,-7.772707E2
1.843730E0,1.465658E3,-7.851653E2
1.860491E0,1.465642E3,-7.851451E2
1.877253E0,1.435779E3,-7.873900E2
1.894014E0,1.435733E3,-7.873249E2
1.910775E0,1.405699E3,-7.872818E2
1.927536E0,1.373534E3,-7.870268E2
1.944297E0,1.373550E3,-7.870447E2
1.961059E0,1.341540E3,-7.850376E2
1.977820E0,1.311648E3,-7.791881E2
1.994581E0,1.311629E3,-7.791680E2
2.011342E0,1.281602E3,-7.731307E2
2.028103E0,1.255585E3,-7.611217E2
2.044865E0,1.255581E3,-7.611183E2
2.061626E0,1.231750E3,-7.473602E2
2.078387E0,1.205518E3,-7.370584E2
2.095148E0,1.205533E3,-7.370701E2
2.111909E0,1.185578E3,-7.211598E2
2.128670E0,,
2.145432E0,,
2.162193E0,1.195856E3,-6.852733E2
2.178954E0,1.181223E3,-6.728263E2
2.195715E0,1.181106E3,-6.729246E2
2.212476E0,1.167957E3,-6.603452E2
2.229238E0,1.156654E3,-6.485610E2
2.245999E0,1.156711E3,-6.484714E2
2.262760E0,1.146924E3,-6.372512E2
2.279521E0,1.138683E3,-6.273081E2
2.296282E0,1.138721E3,-6.272987E2
2.313043E0,1.132080E3,-6.181470E2
2.329805E0,1.126270E3,-6.104795E2
2.346566E0,1.126145E3,-6.104225E2
2.363327E0,1.121886E3,-6.043436E2
2.380088E0,1.121883E3,-6.043284E2
2.396849E0,1.118623E3,-5.997598E2
2.413611E0,1.116679E3,-5.966167E2
2.430372E0,1.115984E3,-5.950646E2
2.447133E0,1.115948E3,-5.952443E2
2.463894E0,1.115927E3,-5.952532E2
2.480655E0,1.117233E3,-5.968956E2
2.497417E0,1.117125E3,-5.969879E2
2.514178E0,1.119147E3,-6.002390E2
2.530939E0,1.122393E3,-6.053854E2
2.547700E0,1.122530E3,-6.053496E2
2.564461E0,1.132559E3,-6.195481E2
2.581222E0,1.132634E3,-6.194784E2
2.597984E0,1.132686E3,-6.194296E2
2.614745E0,1.139572E3,-6.285746E2
2.631506E0,1.147926E3,-6.386001E2
2.648267E0,1.147899E3,-6.385211E2
2.665028E0,1.157904E3,-6.493644E2
2.681790E0,1.169447E3,-6.615599E2
2.698551E0,1.169547E3,-6.614994E2
2.715312E0,1.182917E3,-6.739281E2
2.732073E0,1.197951E3,-6.869333E2
2.748834E0,1.197925E3,-6.870360E2
2.765595E0,1.214331E3,-6.994129E2
2.782357E0,1.232917E3,-7.123305E2
2.799118E0,1.253472E3,-7.243645E2
2.815879E0,1.253580E3,-7.243342E2
2.832640E0,1.275400E3,-7.355372E2
2.849401E0,1.275529E3,-7.354394E2
2.866163E0,1.299273E3,-7.454803E2
2.882924E0,1.327151E3,-7.688244E2
2.899685E0,1.331401E3,-7.838244E2
2.916446E0,1.351337E3,-7.901022E2
2.933207E0,1.379151E3,-8.028244E2
2.949968E0,1.415151E3,-8.048244E2
2.966730E0,1.419651E3,-7.893244E2
2.983491E0,1.441484E3,-7.829911E2
3.000252E0,1.441484E3,-7.829911E2
3.017013E0,1.439318E3,-8.053244E2
3.033774E0,1.471651E3,-8.084355E2
3.050536E0,1.518125E3,-7.648458E2
3.067297E0,1.518125E3,-7.648458E2
3.084058E0,1.546028E3,-7.569821E2
3.100819E0,1.546066E3,-7.569637E2
3.117580E0,1.570177E3,-7.488756E2
3.134342E0,1.586813E3,-7.453151E2
3.151103E0,1.594311E3,-7.389491E2
3.167864E0,1.614936E3,-7.287539E2
3.184625E0,1.638027E3,-7.149095E2
3.201386E0,1.638062E3,-7.149036E2
3.218147E0,1.656178E3,-7.028394E2
3.234909E0,1.673988E3,-6.888746E2
3.251670E0,1.674025E3,-6.888797E2
3.268431E0,1.688346E3,-6.769279E2
3.285192E0,1.702777E3,-6.629273E2
3.301953E0,1.703014E3,-6.629245E2
3.318715E0,1.714652E3,-6.507924E2
3.335476E0,1.725467E3,-6.391078E2
3.352237E0,1.733355E3,-6.290283E2
3.368998E0,1.733307E3,-6.289942E2
3.385759E0,1.741316E3,-6.190446E2
3.402520E0,1.741289E3,-6.190130E2
3.419282E0,1.747227E3,-6.109815E2
3.436043E0,1.751286E3,-6.050152E2
3.452804E0,1.760961E3,-5.948034E2
3.469565E0,1.761006E3,-5.948299E2
3.486326E0,1.761342E3,-5.929960E2
3.503088E0,1.763086E3,-5.908295E2
3.519849E0,1.763107E3,-5.908464E2
3.536610E0,1.763261E3,-5.909637E2
3.553371E0,1.763239E3,-5.909499E2
3.570132E0,1.759270E3,-5.949753E2
3.586894E0,1.759156E3,-5.968992E2
3.603655E0,1.759163E3,-5.969029E2
3.620416E0,1.757392E3,-6.010828E2
3.637177E0,1.751267E3,-6.089998E2
3.653938E0,1.751249E3,-6.089840E2
3.670699E0,1.745386E3,-6.170724E2
3.687461E0,1.737484E3,-6.271348E2
3.704222E0,1.727173E3,-6.389304E2
3.720983E0,1.727176E3,-6.389317E2
3.737744E0,1.716510E3,-6.510267E2
3.754505E0,1.705223E3,-6.629715E2
3.771267E0,1.705216E3,-6.629620E2
3.788028E0,1.689618E3,-6.771529E2
3.804789E0,1.677034E3,-6.889589E2
3.821550E0,1.677068E3,-6.889589E2
3.838311E0,1.657500E3,-7.030915E2
3.855072E0,1.635547E3,-7.170343E2
3.871834E0,1.635446E3,-7.170070E2
3.888595E0,1.615570E3,-7.290559E2
3.905356E0,1.615448E3,-7.290221E2
3.922117E0,1.589560E3,-7.409665E2
3.938878E0,1.573625E3,-7.500597E2
3.955640E0,1.565430E3,-7.508966E2
3.972401E0,1.540955E3,-7.591371E2
3.989162E0,1.524593E3,-7.669656E2
4.005923E0,1.505405E3,-7.690276E2
4.022684E0,1.478792E3,-7.728779E2
4.039445E0,1.451164E3,-7.749879E2
4.056207E0,1.423372E3,-7.750242E2
4.072968E0,1.423334E3,-7.749981E2
4.089729E0,1.385927E3,-7.749234E2
4.106490E0,1.385997E3,-7.749265E2
4.123251E0,1.350166E3,-7.728863E2
4.140013E0,1.345494E3,-7.649660E2
4.156774E0,1.325745E3,-7.649395E2
4.173535E0,1.297523E3,-7.569621E2
4.190296E0,1.269984E3,-7.469780E2
4.207057E0,1.270012E3,-7.469792E2
4.223819E0,1.240118E3,-7.369582E2
4.240580E0,1.221174E3,-7.229816E2
4.257341E0,1.194661E3,-7.108492E2
4.274102E0,1.194777E3,-7.108685E2
4.290863E0,1.174699E3,-6.968449E2
4.307624E0,1.156408E3,-6.830345E2
4.324386E0,1.156285E3,-6.830125E2
4.341147E0,1.140140E3,-6.689561E2
4.357908E0,1.140123E3,-6.689489E2
4.374669E0,1.122395E3,-6.570227E2
4.391430E0,1.112323E3,-6.430356E2
4.408192E0,1.101220E3,-6.309743E2
4.424953E0,1.101179E3,-6.309691E2
4.441714E0,1.095941E3,-6.189205E2
4.458475E0,1.084641E3,-6.108327E2
4.475236E0,1.084778E3,-6.108550E2
4.491997E0,1.078142E3,-6.029361E2
4.508759E0,1.078121E3,-6.029321E2
4.525520E0,1.073216E3,-5.969370E2
4.542281E0,1.071498E3,-5.910518E2
4.559042E0,1.067265E3,-5.889483E2
4.575803E0,1.067218E3,-5.889380E2
4.592565E0,1.067759E3,-5.868518E2
4.609326E0,1.068597E3,-5.870968E2
4.626087E0,1.068449E3,-5.870597E2
4.642848E0,1.070553E3,-5.890907E2
4.659609E0,1.070443E3,-5.890549E2
4.676371E0,1.072711E3,-5.929188E2
4.693132E0,1.076323E3,-5.990052E2
4.709893E0,1.080066E3,-6.069004E2
4.726654E0,1.080089E3,-6.069070E2
4.743415E0,1.088596E3,-6.151355E2
4.760176E0,1.088489E3,-6.150895E2
4.776938E0,1.090257E3,-6.289495E2
4.793699E0,1.101996E3,-6.387888E2
4.810460E0,1.102036E3,-6.388154E2
4.827221E0,1.114281E3,-6.509698E2
4.843982E0,1.126217E3,-6.649626E2
4.860744E0,1.138223E3,-6.809454E2
4.877505E0,1.138204E3,-6.809425E2
4.894266E0,1.138193E3,-6.809411E2
4.911027E0,1.158233E3,-6.929734E2
4.927788E0,1.177714E3,-7.066563E2
4.944549E0,1.198362E3,-7.210565E2
4.961311E0,1.222527E3,-7.331426E2
4.978072E0,1.222462E3,-7.331004E2
4.994833E0,1.244465E3,-7.471102E2
5.011594E0,1.271948E3,-7.567768E2
5.028355E0,1.272001E3,-7.568105E2
5.045117E0,1.301619E3,-7.650478E2
5.061878E0,1.358980E3,-7.688244E2
5.078639E0,1.355002E3,-7.728031E2
5.095400E0,1.351702E3,-8.083031E2
5.112161E0,1.382494E3,-8.103031E2
5.128922E0,1.382494E3,-8.103031E2
5.145684E0,1.414502E3,-8.123031E2
5.162445E0,1.414502E3,-8.123031E2
